000 001 002 001 001 003 004 001 001 005 006 001 001 007 001 008 009 010 011 010 012 013 014 010 015 016 017 010 010 018 019 020 021 022 023 022 024 025 026 022 027 028 029 022 022 030 031 032 033 034 035 034 036 037 038 034 039 040 041 034 034 042 043 044 045 001 046 001 047 048 049 001 050 051 052 001 053 054 055 056 057 057 057 057 057 057 057 057 057 057 057 057 057 057 057 057
058 059 060 061 062 063 064 065 065 066 067 068 069 070 071 072 073 074 075 076 077 078 079 065 065 080 081 082 083 084 085 086 087 088 089 090 091 092 093 065 065 094 095 096 097 098 099 100 101 102 103 104 105 106 107 065 108 109 110 111 112 113 114 115 116 117 118 119 120 121 122 065 123 124 125 126 127 128 129 130 057 057 057 057 057 057 057 057 057 057 057 057 057 057 057 057
058 131 132 132 132 132 132 132 132 132 132 132 132 132 133 072 134 135 136 136 136 136 136 136 136 136 136 136 136 137 138 086 139 140 141 141 142 143 143 143 143 143 144 141 141 145 146 100 147 148 149 149 149 149 149 149 149 149 149 149 149 150 151 115 152 153 154 154 154 154 154 154 154 154 154 154 154 155 156 130 057 057 057 057 057 057 057 057 057 057 057 057 057 057 057 057
157 158 132 132 132 132 132 132 132 132 132 132 132 132 159 160 161 162 136 136 136 136 136 136 136 136 136 136 136 163 164 165 166 167 168 169 142 170 171 143 172 173 144 174 175 176 177 178 179 180 149 149 149 149 149 149 149 149 149 149 149 181 182 183 184 185 154 186 187 154 154 154 154 154 186 187 154 188 189 190 057 057 057 057 057 057 057 057 057 057 057 057 057 057 057 057
191 192 132 132 132 132 132 132 132 132 132 132 132 132 193 194 195 196 136 197 198 199 136 136 136 197 198 199 136 200 201 202 203 204 141 141 141 141 142 143 144 141 141 141 141 205 206 207 208 209 149 210 211 149 149 149 149 149 210 211 149 212 213 214 215 216 154 154 154 154 154 154 154 154 154 154 154 155 217 218 057 057 057 057 057 057 057 057 057 057 057 057 057 057 057 057
058 219 132 132 132 132 132 132 132 132 132 132 132 132 220 221 222 223 136 197 198 199 136 136 136 197 198 199 136 136 224 225 226 227 168 169 141 168 169 141 174 175 141 174 175 141 228 229 230 231 149 149 149 149 149 149 149 149 149 149 149 232 233 234 235 236 154 154 154 154 154 154 154 154 154 154 154 155 237 130 057 057 057 057 057 057 057 057 057 057 057 057 057 057 057 057
238 239 132 132 132 132 132 132 132 132 132 132 132 132 240 241 242 243 136 197 198 199 136 136 136 197 198 199 136 244 245 246 247 248 141 141 141 141 141 141 141 141 141 141 141 249 250 251 252 253 149 210 211 149 149 149 149 149 210 211 149 254 255 256 257 258 154 154 154 154 154 154 154 154 154 154 154 155 259 260 057 057 057 057 057 057 057 057 057 057 057 057 057 057 057 057
261 262 132 132 132 132 132 132 132 132 132 132 132 132 263 264 265 266 136 136 136 136 136 136 136 136 136 136 136 267 268 269 270 271 168 169 141 168 169 141 174 175 141 174 175 272 273 274 275 276 149 149 149 149 149 149 149 149 149 149 149 277 278 279 280 281 154 186 187 154 154 154 154 154 186 187 154 282 283 284 057 057 057 057 057 057 057 057 057 057 057 057 057 057 057 057
058 285 132 132 132 132 132 132 132 132 132 132 132 132 286 072 134 287 136 136 136 136 136 136 136 136 136 136 136 137 288 086 139 289 141 141 141 141 141 141 141 141 141 141 141 145 290 100 147 291 149 149 149 149 149 149 149 149 149 149 149 150 292 115 152 293 154 154 154 154 154 154 154 154 154 154 154 155 294 130 057 057 057 057 057 057 057 057 057 057 057 057 057 057 057 057
058 295 296 297 298 299 300 301 302 303 304 305 306 307 308 072 309 310 311 312 313 314 315 316 317 318 319 320 321 322 323 086 324 325 326 327 328 329 330 331 332 333 334 335 336 337 338 100 339 340 341 342 343 344 345 346 347 348 349 350 351 352 353 115 116 354 355 356 357 358 359 360 361 362 363 364 365 366 367 130 057 057 057 057 057 057 057 057 057 057 057 057 057 057 057 057
368 369 370 369 369 371 372 373 373 374 375 369 369 376 369 377 378 379 380 379 381 382 383 384 385 386 387 379 379 388 389 390 391 392 393 392 394 395 396 397 398 399 400 392 392 401 402 403 404 405 406 405 407 408 409 405 410 411 412 405 405 413 414 415 416 369 417 369 418 419 420 373 421 422 423 369 424 425 426 427 057 057 057 057 057 057 057 057 057 057 057 057 057 057 057 057
000 001 002 001 001 003 004 428 428 005 006 001 001 007 001 008 009 010 011 010 012 013 429 430 431 016 017 010 010 018 019 020 021 022 023 022 024 025 432 433 434 028 029 022 022 030 031 032 033 034 035 034 036 037 038 034 039 040 041 034 034 042 043 044 045 001 046 001 047 048 435 428 436 051 052 001 053 054 055 056 057 057 057 057 057 057 057 057 057 057 057 057 057 057 057 057
058 059 060 061 062 063 064 437 438 066 067 068 069 070 071 072 073 074 075 076 077 078 439 440 441 080 081 082 083 084 085 086 087 088 089 090 091 092 442 443 444 094 095 096 097 098 099 100 101 102 103 104 105 106 107 065 108 109 110 111 112 113 114 115 116 117 118 119 120 121 445 446 447 124 125 126 127 128 129 130 057 057 057 057 057 057 057 057 057 057 057 057 057 057 057 057
058 131 132 132 132 132 132 132 132 132 132 132 132 132 133 072 134 135 136 136 136 136 136 136 136 136 136 136 136 137 138 086 139 140 141 141 141 141 141 141 141 141 141 141 141 145 146 100 147 148 149 149 149 149 149 149 149 149 149 149 149 150 151 115 152 153 154 154 154 154 154 154 154 154 154 154 154 155 156 130 057 057 057 057 057 057 057 057 057 057 057 057 057 057 057 057
157 158 132 448 132 448 132 448 448 132 448 132 448 132 159 160 161 162 136 136 136 136 136 136 136 136 136 136 136 163 164 165 166 167 141 141 141 141 141 141 141 141 141 141 141 176 177 178 179 180 210 449 449 449 211 149 210 449 449 449 211 181 182 183 184 185 154 154 154 154 154 154 154 154 154 154 154 188 189 190 057 057 057 057 057 057 057 057 057 057 057 057 057 057 057 057
191 192 132 132 132 132 132 132 132 132 132 132 132 132 450 451 452 453 136 136 136 136 136 136 136 136 136 136 136 137 454 455 456 457 141 141 141 141 458 459 460 141 141 141 141 145 461 462 463 464 210 211 149 149 149 149 149 149 149 210 211 212 213 214 215 216 154 154 154 154 154 154 154 154 154 154 154 155 217 218 057 057 057 057 057 057 057 057 057 057 057 057 057 057 057 057
058 219 132 448 132 448 132 448 448 132 448 132 448 132 465 072 134 466 136 136 136 136 136 136 136 136 136 136 136 137 467 086 139 468 141 141 141 141 458 459 460 141 141 141 141 145 469 100 147 470 210 211 471 472 149 149 149 473 474 210 211 149 475 234 476 477 154 154 154 154 186 187 154 154 154 154 154 155 237 130 057 057 057 057 057 057 057 057 057 057 057 057 057 057 057 057
238 239 132 132 132 132 132 132 132 132 132 132 132 132 478 479 480 481 136 136 136 136 136 136 136 136 136 136 136 137 482 483 484 485 141 141 141 141 458 459 460 141 141 141 141 145 486 487 488 489 210 211 149 471 472 149 473 474 149 210 211 254 255 256 257 258 154 154 154 154 154 154 154 154 154 154 154 155 259 260 057 057 057 057 057 057 057 057 057 057 057 057 057 057 057 057
261 262 132 448 132 448 132 448 448 132 448 132 448 132 263 264 265 266 136 136 136 136 136 136 136 136 136 136 136 267 268 269 270 271 141 141 141 141 141 141 141 141 141 141 141 272 273 274 275 276 210 449 449 449 449 449 449 449 449 449 211 277 278 279 280 281 154 154 154 154 154 154 154 154 154 154 154 282 283 284 057 057 057 057 057 057 057 057 057 057 057 057 057 057 057 057
058 285 132 132 132 132 132 132 132 132 132 132 132 132 286 072 134 287 136 136 136 136 136 136 136 136 136 136 136 137 288 086 139 289 141 141 141 141 141 141 141 141 141 141 141 145 290 100 147 291 149 149 149 149 149 149 149 149 149 149 149 150 292 115 152 293 154 154 154 154 154 154 154 154 154 154 154 155 294 130 057 057 057 057 057 057 057 057 057 057 057 057 057 057 057 057
058 295 296 297 298 299 300 301 302 303 304 305 306 307 308 072 309 310 311 312 313 314 490 346 346 318 319 320 321 322 323 086 324 325 326 327 328 329 330 331 332 333 334 335 336 337 338 100 339 340 341 342 343 344 345 346 347 348 349 350 351 352 353 115 116 354 355 356 357 358 491 346 492 362 363 364 365 366 367 130 057 057 057 057 057 057 057 057 057 057 057 057 057 057 057 057
368 369 370 369 369 371 372 373 373 374 375 369 369 376 369 377 378 379 380 379 381 382 493 379 494 386 387 379 379 388 389 390 391 392 393 392 394 395 396 397 398 399 400 392 392 401 402 403 404 405 406 405 407 408 409 405 410 411 412 405 405 413 414 415 416 369 417 369 418 419 495 369 496 422 423 369 424 425 426 427 057 057 057 057 057 057 057 057 057 057 057 057 057 057 057 057
000 001 002 001 001 003 004 428 428 005 006 001 001 007 001 008 009 010 011 010 012 013 014 010 015 016 017 010 010 018 019 020 021 022 023 022 024 025 432 433 434 028 029 022 022 030 031 497 498 498 498 498 498 498 498 498 498 498 498 498 498 498 498 498 498 498 498 498 498 498 498 498 498 498 498 498 498 498 498 499 057 057 057 057 057 057 057 057 057 057 057 057 057 057 057 057
058 059 060 061 062 063 064 437 438 066 067 068 069 070 071 072 073 074 075 076 077 078 079 065 065 080 081 082 083 084 085 086 087 088 089 090 091 092 442 443 444 094 095 096 097 098 099 500 057 057 057 057 057 057 057 057 057 057 057 057 057 057 057 057 057 057 057 057 057 057 057 057 057 057 057 057 057 057 057 057 057 057 057 057 057 057 057 057 057 057 057 057 057 057 057 057
058 131 501 501 501 501 501 132 132 501 501 501 501 501 133 072 134 135 136 136 136 136 136 136 136 136 136 136 136 137 138 086 139 140 141 141 141 141 141 141 141 141 141 141 141 145 146 500 057 057 057 057 057 057 057 057 057 057 057 057 057 057 057 057 057 057 057 057 057 057 057 057 057 057 057 057 057 057 057 057 057 057 057 057 057 057 057 057 057 057 057 057 057 057 057 057
157 158 501 132 501 132 132 132 132 501 132 132 132 501 159 160 161 162 136 136 136 136 136 136 136 136 136 136 136 163 164 165 166 167 502 501 501 503 141 141 141 502 501 501 503 176 177 504 057 057 057 057 057 057 057 057 057 057 057 057 057 057 057 057 057 057 057 057 057 057 057 057 057 057 057 057 057 057 057 057 057 057 057 057 057 057 057 057 057 057 057 057 057 057 057 057
191 192 501 132 501 132 501 501 132 501 132 501 132 501 505 194 195 196 136 136 136 136 197 198 199 136 136 136 136 200 201 202 203 204 502 503 141 141 141 141 141 141 141 502 503 145 461 506 057 057 057 057 057 057 057 057 057 057 057 057 057 057 057 057 057 057 057 057 057 057 057 057 057 057 057 057 057 057 057 057 057 057 057 057 057 057 057 057 057 057 057 057 057 057 057 057
058 219 132 132 501 132 501 132 132 501 132 501 132 132 507 221 222 223 136 136 136 136 197 198 199 136 136 136 136 136 224 225 226 227 502 503 502 501 501 501 501 501 503 502 503 145 469 500 057 057 057 057 057 057 057 057 057 057 057 057 057 057 057 057 057 057 057 057 057 057 057 057 057 057 057 057 057 057 057 057 057 057 057 057 057 057 057 057 057 057 057 057 057 057 057 057
238 239 501 132 501 132 501 132 501 501 132 501 132 501 508 241 242 243 136 136 136 136 197 198 199 136 136 136 136 244 245 246 247 248 502 503 141 141 141 141 141 141 141 502 503 145 486 509 057 057 057 057 057 057 057 057 057 057 057 057 057 057 057 057 057 057 057 057 057 057 057 057 057 057 057 057 057 057 057 057 057 057 057 057 057 057 057 057 057 057 057 057 057 057 057 057
261 262 501 132 132 132 501 132 132 132 132 501 132 501 263 264 265 266 136 136 136 136 136 136 136 136 136 136 136 267 268 269 270 271 502 501 501 503 141 141 141 502 501 501 503 272 273 510 057 057 057 057 057 057 057 057 057 057 057 057 057 057 057 057 057 057 057 057 057 057 057 057 057 057 057 057 057 057 057 057 057 057 057 057 057 057 057 057 057 057 057 057 057 057 057 057
058 285 501 501 501 501 501 132 132 501 501 501 501 501 286 072 134 287 136 136 136 136 136 136 136 136 136 136 136 137 288 086 139 289 141 141 141 141 141 141 141 141 141 141 141 145 290 500 057 057 057 057 057 057 057 057 057 057 057 057 057 057 057 057 057 057 057 057 057 057 057 057 057 057 057 057 057 057 057 057 057 057 057 057 057 057 057 057 057 057 057 057 057 057 057 057
058 295 296 297 298 299 300 346 346 303 304 305 306 307 308 072 309 310 311 312 313 314 490 511 512 318 319 320 321 322 323 086 324 325 326 327 328 329 513 346 346 333 334 335 336 337 338 500 057 057 057 057 057 057 057 057 057 057 057 057 057 057 057 057 057 057 057 057 057 057 057 057 057 057 057 057 057 057 057 057 057 057 057 057 057 057 057 057 057 057 057 057 057 057 057 057
368 369 370 369 369 371 372 369 369 374 375 369 369 376 369 377 378 379 380 379 381 382 493 379 494 386 387 379 379 388 389 390 391 392 393 392 394 395 514 392 515 399 400 392 392 401 402 516 057 057 057 057 057 057 057 057 057 057 057 057 057 057 057 057 057 057 057 057 057 057 057 057 057 057 057 057 057 057 057 057 057 057 057 057 057 057 057 057 057 057 057 057 057 057 057 057
498 498 498 498 498 498 498 498 498 498 498 498 498 498 498 498 498 498 498 498 498 498 498 498 498 498 498 498 498 498 498 498 498 498 498 498 498 498 498 498 498 498 498 498 498 498 498 517 057 057 057 057 057 057 057 057 057 057 057 057 057 057 057 057 057 057 057 057 057 057 057 057 057 057 057 057 057 057 057 057 057 057 057 057 057 057 057 057 057 057 057 057 057 057 057 057
057 057 057 057 057 057 057 057 057 057 057 057 057 057 057 057 057 057 057 057 057 057 057 057 057 057 057 057 057 057 057 057 057 057 057 057 057 057 057 057 057 057 057 057 057 057 057 057 057 057 057 057 057 057 057 057 057 057 057 057 057 057 057 057 057 057 057 057 057 057 057 057 057 057 057 057 057 057 057 057 057 057 057 057 057 057 057 057 057 057 057 057 057 057 057 057
057 057 057 057 057 057 057 057 057 057 057 057 057 057 057 057 057 057 057 057 057 057 057 057 057 057 057 057 057 057 057 057 057 057 057 057 057 057 057 057 057 057 057 057 057 057 057 057 057 057 057 057 057 057 057 057 057 057 057 057 057 057 057 057 057 057 057 057 057 057 057 057 057 057 057 057 057 057 057 057 057 057 057 057 057 057 057 057 057 057 057 057 057 057 057 057
057 057 057 057 057 057 057 057 057 057 057 057 057 057 057 057 057 057 057 057 057 057 057 057 057 057 057 057 057 057 057 057 057 057 057 057 057 057 057 057 057 057 057 057 057 057 057 057 057 057 057 057 057 057 057 057 057 057 057 057 057 057 057 057 057 057 057 057 057 057 057 057 057 057 057 057 057 057 057 057 057 057 057 057 057 057 057 057 057 057 057 057 057 057 057 057
057 057 057 057 057 057 057 057 057 057 057 057 057 057 057 057 057 057 057 057 057 057 057 057 057 057 057 057 057 057 057 057 057 057 057 057 057 057 057 057 057 057 057 057 057 057 057 057 057 057 057 057 057 057 057 057 057 057 057 057 057 057 057 057 057 057 057 057 057 057 057 057 057 057 057 057 057 057 057 057 057 057 057 057 057 057 057 057 057 057 057 057 057 057 057 057
057 057 057 057 057 057 057 057 057 057 057 057 057 057 057 057 057 057 057 057 057 057 057 057 057 057 057 057 057 057 057 057 057 057 057 057 057 057 057 057 057 057 057 057 057 057 057 057 057 057 057 057 057 057 057 057 057 057 057 057 057 057 057 057 057 057 057 057 057 057 057 057 057 057 057 057 057 057 057 057 057 057 057 057 057 057 057 057 057 057 057 057 057 057 057 057
057 057 057 057 057 057 057 057 057 057 057 057 057 057 057 057 057 057 057 057 057 057 057 057 057 057 057 057 057 057 057 057 057 057 057 057 057 057 057 057 057 057 057 057 057 057 057 057 057 057 057 057 057 057 057 057 057 057 057 057 057 057 057 057 057 057 057 057 057 057 057 057 057 057 057 057 057 057 057 057 057 057 057 057 057 057 057 057 057 057 057 057 057 057 057 057
057 057 057 057 057 057 057 057 057 057 057 057 057 057 057 057 057 057 057 057 057 057 057 057 057 057 057 057 057 057 057 057 057 057 057 057 057 057 057 057 057 057 057 057 057 057 057 057 057 057 057 057 057 057 057 057 057 057 057 057 057 057 057 057 057 057 057 057 057 057 057 057 057 057 057 057 057 057 057 057 057 057 057 057 057 057 057 057 057 057 057 057 057 057 057 057
057 057 057 057 057 057 057 057 057 057 057 057 057 057 057 057 057 057 057 057 057 057 057 057 057 057 057 057 057 057 057 057 057 057 057 057 057 057 057 057 057 057 057 057 057 057 057 057 057 057 057 057 057 057 057 057 057 057 057 057 057 057 057 057 057 057 057 057 057 057 057 057 057 057 057 057 057 057 057 057 057 057 057 057 057 057 057 057 057 057 057 057 057 057 057 057
057 057 057 057 057 057 057 057 057 057 057 057 057 057 057 057 057 057 057 057 057 057 057 057 057 057 057 057 057 057 057 057 057 057 057 057 057 057 057 057 057 057 057 057 057 057 057 057 057 057 057 057 057 057 057 057 057 057 057 057 057 057 057 057 057 057 057 057 057 057 057 057 057 057 057 057 057 057 057 057 057 057 057 057 057 057 057 057 057 057 057 057 057 057 057 057
057 057 057 057 057 057 057 057 057 057 057 057 057 057 057 057 057 057 057 057 057 057 057 057 057 057 057 057 057 057 057 057 057 057 057 057 057 057 057 057 057 057 057 057 057 057 057 057 057 057 057 057 057 057 057 057 057 057 057 057 057 057 057 057 057 057 057 057 057 057 057 057 057 057 057 057 057 057 057 057 057 057 057 057 057 057 057 057 057 057 057 057 057 057 057 057
057 057 057 057 057 057 057 057 057 057 057 057 057 057 057 057 057 057 057 057 057 057 057 057 057 057 057 057 057 057 057 057 057 057 057 057 057 057 057 057 057 057 057 057 057 057 057 057 057 057 057 057 057 057 057 057 057 057 057 057 057 057 057 057 057 057 057 057 057 057 057 057 057 057 057 057 057 057 057 057 057 057 057 057 057 057 057 057 057 057 057 057 057 057 057 057
057 057 057 057 057 057 057 057 057 057 057 057 057 057 057 057 057 057 057 057 057 057 057 057 057 057 057 057 057 057 057 057 057 057 057 057 057 057 057 057 057 057 057 057 057 057 057 057 057 057 057 057 057 057 057 057 057 057 057 057 057 057 057 057 057 057 057 057 057 057 057 057 057 057 057 057 057 057 057 057 057 057 057 057 057 057 057 057 057 057 057 057 057 057 057 057
057 057 057 057 057 057 057 057 057 057 057 057 057 057 057 057 057 057 057 057 057 057 057 057 057 057 057 057 057 057 057 057 057 057 057 057 057 057 057 057 057 057 057 057 057 057 057 057 057 057 057 057 057 057 057 057 057 057 057 057 057 057 057 057 057 057 057 057 057 057 057 057 057 057 057 057 057 057 057 057 057 057 057 057 057 057 057 057 057 057 057 057 057 057 057 057
057 057 057 057 057 057 057 057 057 057 057 057 057 057 057 057 057 057 057 057 057 057 057 057 057 057 057 057 057 057 057 057 057 057 057 057 057 057 057 057 057 057 057 057 057 057 057 057 057 057 057 057 057 057 057 057 057 057 057 057 057 057 057 057 057 057 057 057 057 057 057 057 057 057 057 057 057 057 057 057 057 057 057 057 057 057 057 057 057 057 057 057 057 057 057 057
057 057 057 057 057 057 057 057 057 057 057 057 057 057 057 057 057 057 057 057 057 057 057 057 057 057 057 057 057 057 057 057 057 057 057 057 057 057 057 057 057 057 057 057 057 057 057 057 057 057 057 057 057 057 057 057 057 057 057 057 057 057 057 057 057 057 057 057 057 057 057 057 057 057 057 057 057 057 057 057 057 057 057 057 057 057 057 057 057 057 057 057 057 057 057 057
057 057 057 057 057 057 057 057 057 057 057 057 057 057 057 057 057 057 057 057 057 057 057 057 057 057 057 057 057 057 057 057 057 057 057 057 057 057 057 057 057 057 057 057 057 057 057 057 057 057 057 057 057 057 057 057 057 057 057 057 057 057 057 057 057 057 057 057 057 057 057 057 057 057 057 057 057 057 057 057 057 057 057 057 057 057 057 057 057 057 057 057 057 057 057 057
057 057 057 057 057 057 057 057 057 057 057 057 057 057 057 057 057 057 057 057 057 057 057 057 057 057 057 057 057 057 057 057 057 057 057 057 057 057 057 057 057 057 057 057 057 057 057 057 057 057 057 057 057 057 057 057 057 057 057 057 057 057 057 057 057 057 057 057 057 057 057 057 057 057 057 057 057 057 057 057 057 057 057 057 057 057 057 057 057 057 057 057 057 057 057 057
057 057 057 057 057 057 057 057 057 057 057 057 057 057 057 057 057 057 057 057 057 057 057 057 057 057 057 057 057 057 057 057 057 057 057 057 057 057 057 057 057 057 057 057 057 057 057 057 057 057 057 057 057 057 057 057 057 057 057 057 057 057 057 057 057 057 057 057 057 057 057 057 057 057 057 057 057 057 057 057 057 057 057 057 057 057 057 057 057 057 057 057 057 057 057 057
057 057 057 057 057 057 057 057 057 057 057 057 057 057 057 057 057 057 057 057 057 057 057 057 057 057 057 057 057 057 057 057 057 057 057 057 057 057 057 057 057 057 057 057 057 057 057 057 057 057 057 057 057 057 057 057 057 057 057 057 057 057 057 057 057 057 057 057 057 057 057 057 057 057 057 057 057 057 057 057 057 057 057 057 057 057 057 057 057 057 057 057 057 057 057 057
057 057 057 057 057 057 057 057 057 057 057 057 057 057 057 057 057 057 057 057 057 057 057 057 057 057 057 057 057 057 057 057 057 057 057 057 057 057 057 057 057 057 057 057 057 057 057 057 057 057 057 057 057 057 057 057 057 057 057 057 057 057 057 057 057 057 057 057 057 057 057 057 057 057 057 057 057 057 057 057 057 057 057 057 057 057 057 057 057 057 057 057 057 057 057 057
057 057 057 057 057 057 057 057 057 057 057 057 057 057 057 057 057 057 057 057 057 057 057 057 057 057 057 057 057 057 057 057 057 057 057 057 057 057 057 057 057 057 057 057 057 057 057 057 057 057 057 057 057 057 057 057 057 057 057 057 057 057 057 057 057 057 057 057 057 057 057 057 057 057 057 057 057 057 057 057 057 057 057 057 057 057 057 057 057 057 057 057 057 057 057 057
057 057 057 057 057 057 057 057 057 057 057 057 057 057 057 057 057 057 057 057 057 057 057 057 057 057 057 057 057 057 057 057 057 057 057 057 057 057 057 057 057 057 057 057 057 057 057 057 057 057 057 057 057 057 057 057 057 057 057 057 057 057 057 057 057 057 057 057 057 057 057 057 057 057 057 057 057 057 057 057 057 057 057 057 057 057 057 057 057 057 057 057 057 057 057 057
057 057 057 057 057 057 057 057 057 057 057 057 057 057 057 057 057 057 057 057 057 057 057 057 057 057 057 057 057 057 057 057 057 057 057 057 057 057 057 057 057 057 057 057 057 057 057 057 057 057 057 057 057 057 057 057 057 057 057 057 057 057 057 057 057 057 057 057 057 057 057 057 057 057 057 057 057 057 057 057 057 057 057 057 057 057 057 057 057 057 057 057 057 057 057 057
057 057 057 057 057 057 057 057 057 057 057 057 057 057 057 057 057 057 057 057 057 057 057 057 057 057 057 057 057 057 057 057 057 057 057 057 057 057 057 057 057 057 057 057 057 057 057 057 057 057 057 057 057 057 057 057 057 057 057 057 057 057 057 057 057 057 057 057 057 057 057 057 057 057 057 057 057 057 057 057 057 057 057 057 057 057 057 057 057 057 057 057 057 057 057 057
057 057 057 057 057 057 057 057 057 057 057 057 057 057 057 057 057 057 057 057 057 057 057 057 057 057 057 057 057 057 057 057 057 057 057 057 057 057 057 057 057 057 057 057 057 057 057 057 057 057 057 057 057 057 057 057 057 057 057 057 057 057 057 057 057 057 057 057 057 057 057 057 057 057 057 057 057 057 057 057 057 057 057 057 057 057 057 057 057 057 057 057 057 057 057 057
057 057 057 057 057 057 057 057 057 057 057 057 057 057 057 057 057 057 057 057 057 057 057 057 057 057 057 057 057 057 057 057 057 057 057 057 057 057 057 057 057 057 057 057 057 057 057 057 057 057 057 057 057 057 057 057 057 057 057 057 057 057 057 057 057 057 057 057 057 057 057 057 057 057 057 057 057 057 057 057 057 057 057 057 057 057 057 057 057 057 057 057 057 057 057 057
057 057 057 057 057 057 057 057 057 057 057 057 057 057 057 057 057 057 057 057 057 057 057 057 057 057 057 057 057 057 057 057 057 057 057 057 057 057 057 057 057 057 057 057 057 057 057 057 057 057 057 057 057 057 057 057 057 057 057 057 057 057 057 057 057 057 057 057 057 057 057 057 057 057 057 057 057 057 057 057 057 057 057 057 057 057 057 057 057 057 057 057 057 057 057 057
057 057 057 057 057 057 057 057 057 057 057 057 057 057 057 057 057 057 057 057 057 057 057 057 057 057 057 057 057 057 057 057 057 057 057 057 057 057 057 057 057 057 057 057 057 057 057 057 057 057 057 057 057 057 057 057 057 057 057 057 057 057 057 057 057 057 057 057 057 057 057 057 057 057 057 057 057 057 057 057 057 057 057 057 057 057 057 057 057 057 057 057 057 057 057 057
057 057 057 057 057 057 057 057 057 057 057 057 057 057 057 057 057 057 057 057 057 057 057 057 057 057 057 057 057 057 057 057 057 057 057 057 057 057 057 057 057 057 057 057 057 057 057 057 057 057 057 057 057 057 057 057 057 057 057 057 057 057 057 057 057 057 057 057 057 057 057 057 057 057 057 057 057 057 057 057 057 057 057 057 057 057 057 057 057 057 057 057 057 057 057 057
057 057 057 057 057 057 057 057 057 057 057 057 057 057 057 057 057 057 057 057 057 057 057 057 057 057 057 057 057 057 057 057 057 057 057 057 057 057 057 057 057 057 057 057 057 057 057 057 057 057 057 057 057 057 057 057 057 057 057 057 057 057 057 057 057 057 057 057 057 057 057 057 057 057 057 057 057 057 057 057 057 057 057 057 057 057 057 057 057 057 057 057 057 057 057 057
057 057 057 057 057 057 057 057 057 057 057 057 057 057 057 057 057 057 057 057 057 057 057 057 057 057 057 057 057 057 057 057 057 057 057 057 057 057 057 057 057 057 057 057 057 057 057 057 057 057 057 057 057 057 057 057 057 057 057 057 057 057 057 057 057 057 057 057 057 057 057 057 057 057 057 057 057 057 057 057 057 057 057 057 057 057 057 057 057 057 057 057 057 057 057 057
057 057 057 057 057 057 057 057 057 057 057 057 057 057 057 057 057 057 057 057 057 057 057 057 057 057 057 057 057 057 057 057 057 057 057 057 057 057 057 057 057 057 057 057 057 057 057 057 057 057 057 057 057 057 057 057 057 057 057 057 057 057 057 057 057 057 057 057 057 057 057 057 057 057 057 057 057 057 057 057 057 057 057 057 057 057 057 057 057 057 057 057 057 057 057 057